1.000000	0.067732	3.176513
1.000000	0.427810	3.816464
1.000000	0.995731	4.550095
1.000000	0.738336	4.256571
1.000000	0.981083	4.560815
1.000000	0.526171	3.929515
1.000000	0.378887	3.526170
1.000000	0.033859	3.156393
1.000000	0.132791	3.110301
1.000000	0.138306	3.149813
1.000000	0.247809	3.476346
1.000000	0.648270	4.119688
1.000000	0.731209	4.282233
1.000000	0.236833	3.486582
1.000000	0.969788	4.655492
1.000000	0.607492	3.965162
1.000000	0.358622	3.514900
1.000000	0.147846	3.125947
1.000000	0.637820	4.094115
1.000000	0.230372	3.476039
1.000000	0.070237	3.210610
1.000000	0.067154	3.190612
1.000000	0.925577	4.631504
1.000000	0.717733	4.295890